64 10
61 27
49 13
58 63
20 59
85 28
37 10
24 47
29 38
27 81
41 79
16 32
14 97
53 10
5 55
1 22
92 59
20 27
93 32
39 66
66 31
64 96
32 41
87 10
72 99
76 55
94 21
43 92
16 8
73 68
98 47
82 33
92 72
23 68
86 38
33 51
67 84
14 59
47 26
4 67
60 11
91 46
42 78
2 91
84 60
90 56
53 43
63 52
79 15
85 34
41 91
23 30
1 2
19 12
5 3
81 47
71 76
29 19
50 63
70 61
93 26
76 78
94 66
28 29
35 52
19 67
47 6
33 85
5 44
68 50
4 17
57 54
83 11
49 25
2 73
50 38
27 71
33 21
69 64
96 9
34 31
22 62
59 72
20 22
76 43
28 45
98 38
63 29
75 55
11 57
77 1
14 40
19 63
5 28
72 31
72 57
27 27
12 72
56 44
29 90
