836551
165860
-65094
-758311
-896567
-178911
-319738
-141421
214382
587406
1033431
694459
-190599
820416
-604933
917124
841435
323011
190181
255022
-78039
1030941
-439804
-111017
708352
-638007
-14418
174736
-857989
406494
54453
-989225
992974
906720
-609718
273586
-147603
213410
-89659
772434
514954
1020393
-80136
-805208
-1012123
194892
-785083
472935
405937
502391
482296
-267324
-455695
334925
108574
-218360
925011
-503062
591893
685222
238613
220843
-446034
30465
645822
539309
-178696
581922
-222667
-150320
487270
-806676
758589
521
-871328
-1010228
-96188
-616496
-1017763
895891
44689
41230
-99490
-957511
-846682
-377846
325303
658121
-1036117
187463
977277
306289
-847290
-137932
-438817
364650
-292737
-670126
-894148
-94245
-164859
352782
841402
-774806
-547431
630308
659245
-564647
-989536
451995
-546183
513812
923717
710434
-690048
898389
-264611
-461808
162617
478063
-114026
-16871
-513685
185934
-409150
980422
-777658
-174170
-859706
-788455
9291
-170254
872130
-957614
713312
181381
-198984
-512164
-399839
579432
-396273
1036166
-600277
-905223
764223
-921371
851490
489444
-54164
-456685
-799646
-24360
-307769
702489
-700062
-872740
478306
-795900
-894289
-769949
734955
256727
-241917
-554036
-624336
-373409
455613
-16416
-271404
483694
32010
207524
792843
697516
-247272
-286182
513247
73939
341436
157264
564239
-159981
583495
-423421
-797308
-563282
-607834
-1021478
482046
-850239
-967420
96173
97044
339343
-211624
1012808
983613
-574723
725659
-318235
-50590
638941
-881446
-535380
-327303
-14672
947603
962578
936916
-916998
396305
-194359
-969185
774099
-344833
989926
357929
770166
163304
-819981
326828
-1047033
-54616
-916575
-382335
431551
-714115
-481553
835216
432283
-93783
979168
-117652
626210
-251838
994256
934581
-1045411
138367
-118243
757529
-392180
-716037
486672
270261
525111
-179603
-848439
-258665
96163
79969
460008
-956709
416533
-58605
386807
469302
-772321
-289529
247749
-847632
315833
-374700
834460
916930
-159434
-110566
1007368
73621
662146
244495
-508938
546623
-660294
676970
353950
889787
-931383
1024938
-972428
644016
-3756
-203986
-492431
-493876
-21357
-439184
930248
906344
-756646
-82464
-880135
620665
220744
587657
-953653
-725358
579213
312056
397656
79919
-950073
216282
90197
-356462
-786715
-953111
-768285
-842824
531528
-800299
61581
820168
214992
422613
-350380
256238
326081
-509713
917978
526894
-176794
727916
-301044
-845920
258844
529995
267361
596862
-623027
197239
-341376
813369
-409862
-163125
-787963
-663835
-673381
-497333
-1030779
-453330
217433
161799
669349
-551018
1020912
258270
-461702
-95054
-719503
-376981
-869690
-144299
239329
1025095
-260429
293589
572345
875122
-72855
-504814
48153
956796
282692
72460
-233774
254502
-91161
398052
60682
-637846
956148
254659
-942849
289861
897725
200084
-643754
804437
-789491
830360
-283522
486977
-999052
54337
-661395
734293
915836
240556
-303777
48639
-965661
562331
605200
371407
-569192
193603
-925914
181027
-958347
955708
595050
597300
156975
-296032
-377633
-204222
771084
-919524
-334414
-312201
-252428
-324849
-933590
-1009131
218589
994449
-396294
284723
-598094
373770
595379
-208359
-447713
-1005450
542635
-951664
-468315
-862207
-4437
-462989
216787
-191953
862564
-221275
841939
-29254
571892
-119983
-349064
-968576
905308
-42043
234341
-951439
-762989
-148657
-447581
593790
998196
1337
898034
-428436
-209008
314379
988015
-240666
947950
-910899
183930
165384
-552630
-230355
628178
60958
-534452
986918
795202
701399
-19033
-1014269
-704215
-38967
191141
668368
-30616
-906594
-822237
-351284
-704990
771060
589000
826183
656393
501302
719752
-834962
-838581
929694
-250949
65621
-1020925
461102
117174
-434936
-483413
1008193
-1030779
-596628
-298448
354673
177939
585086
-453732
-556809
-177665
37774
-845157
-217121
192900
-163207
782974
440240
195307
-588337
-621965
-698329
-391065
971326
295551
-954817
-109219
-281469
770779
-374602
-833241
-711914
-559634
311459
886426
189694
-1039699
791904
-891455
-811577
740447
-611350
-307455
421206
820204
952972
-321720
935713
-882627
220267
-301011
976424
1037400
291180
285389
-805426
-15261
-840877
-264037
951639
-235906
-373962
870643
357219
-712435
637943
786040
-979425
-895901
-486707
-566755
1040160
424126
-982872
671048
249693
-782978
265638
316326
960717
-239618
-688664
-390041
777435
-938388
-39161
-336016
565996
55112
-904004
-65174
386267
560538
339780
-313699
867901
549886
-226840
873698
913071
48235
-407269
-989808
-628595
212670
-777681
-540828
-563527
-829305
-10844
1041323
382289
111418
-452082
-594712
981045
-890127
188785
601713
-319034
569240
-396922
458664
965733
85451
-254663
419087
-495600
-886762
687001
-379186
69274
628109
389582
883236
924157
-343442
-292004
302829
-664438
-291146
-6216
-868876
757835
-917344
-184395
370299
859617
-624905
160410
626447
-178417
-704858
409762
-609866
671093
-648498
-589077
456732
-740211
-880208
-363608
-533869
19292
-574654
-736405
-177438
698387
-123368
39437
-265979
-204492
-208216
801179
741485
-184270
407164
-536534
-225947
167561
593789
-836606
-19579
-406784
721722
553569
639139
-618077
836363
918763
1011093
510710
-837784
-459677
-694183
334527
962
-944888
447966
-343090
-58181
-885108
-689857
-925099
-308811
618665
362259
1036328
784846
91378
950887
-601784
-157045
322939
-77310
670301
795619
227315
-910249
359697
-1032081
-327964
959772
-114960
-593367
-563450
-731160
-869219
159449
716856
-1032261
-256746
-724161
-674895
1024864
-752884
-337462
998766
-771900
-281873
-510545
246309
-290279
-138730
-163661
-407264
-769243
-567632
88128
-707875
610862
954228
422768
182047
579166
-342937
129559
-416639
263461
913134
194985
-834737
118108
-980226
1026476
529315
370653
176895
-37942
-576714
823920
743350
-352369
-337128
-149366
-214443
697141
579566
-24338
-55459
367185
-850597
-1002627
-874277
-780644
-992039
-717869
-14850
283628
945606
698933
-469036
-907017
612362
-578107
1034439
615854
-406062
79844
-524438
-343276
259373
670008
-145012
1017111
538418
421418
-420187
-595113
1036241
497003
816926
-113660
648138
-241304
304538
707746
370255
-804994
-640889
65294
825301
389030
-848515
-321567
-829595
-444095
-252160
125899
-516785
-672604
-655476
967379
-850892
-239453
693385
339602
690147
-585046
930617
-865938
88192
-554858
-366889
17786
-687802
495433
178430
107617
974822
149667
187020
208529
241816
-636537
-796687
644513
-565106
973321
108447
663292
-139884
-311730
-462507
272570
-279448
336476
837240
937866
-665745
1030956
220651
357570
-33703
60036
-67814
1023765
-74073
125942
840603
-331826
430697
317058
-602393
675190
-1030576
-114235
758572
642284
362851
-998766
-325748
-400075
282395
569629
548035
214355
951018
463415
-815921
-376912
214172
-57275
209912
516287
590107
893895
837998
576880
-932004
270666
984907
-1009783
-618785
-700761
35619
-689034
631322
60817
961441
460966
-52774
386878
-251470
-920030
-118013
805747
470803
-497547
-389734
-715325
-146436
511590
570744
599738
604308
-79610
-608969
-777608
-625067
887235
-1037214
-264840
812201
496021
-574288
412401
896687
-149378
28657
-1020123
-780225
514086
411080
-191266
28429
-920355
414523
-931063
-746453
1021254
-419362
838165
519378
-10144
-177831
762016
300575
-755023
790756
714484
-647922
360190
-10407
524133
-101571
-290637
591102
481196
536309
-113380
-397891
-351666
-589143
978263
653811
-1024873
-252486
-792352
-381613
-762762
-249741
275871
-641762
-258683
315063
-460830
650044
108703
-976087
-281529
-273583
997715
-52482
-454485