1673102
331720
428764
1174812
2066862
1388918
1640832
1834248
1682870
646022
380362
510044
2061882
1416704
349472
812988
108906
1985948
1813440
547172
426820
1544868
1029908
2040786
389784
945870
811874
1004782
964592
669850
217148
1850022
1183786
1370444
477226
441686
60930
1291644
1078618
1163844
974540
1517178
1042
1791782
89378
82460
650606
1316242
374926
1954554
612578
729300
705564
1682804
1260616
1318490
903990
1027624
1847434
1420868
1796778
325234
956126
371868
1960844
18582
1744260
1426624
362762
1158864
2072332
1528446
1702980
978888
1404978
956612
1469910
513454
911226
967388
64020
415048
1585686
1395032
1026494
147878
682872
314528
1128478
1166990
964092
192346
194088
678686
2025616
1967226
1451318
1277882
1895206
1925156
1873832
792610
1548198
1979852
715858
1540332
326608
653656
863102
1670432
864566
1958336
1252420
1988512
1869162
276734
1515058
973344
540522
1050222
192326
159938
920016
833066
773614
938604
495498
631666
1668920
1833860
2014736
147242
1324292
488990
1093246
1353940
707900
1779574
2049876
1288032
1860496
1812688
1241330
441488
1175314
1158426
624112
795312
159838
432564
180394
1063056
123162
1640336
429984
845226
512476
652162
1835956
1053788
1455832
517688
1059990
534722
1193724
394478
1626738
434866
323598
1338698
2041824
516540
478658
2050190
587178
1144690
1750244
96306
1913592
565384
144920
509004
796104
121364
1912296
509318
579722
1795450
400168
1608874
1660720
973954
108674
1468586
1831672
481112
97278
1124662
1210400
742814
387206
362054
1911416
1190100
1194600
313950
1542168
437178
1988898
569446
747540
1190758
1085270
433574
1725128
1683878
1143784
1810616
468682
1187580
1996392
2674
1796068
628758
1976030
1895900
367860
330768
1256356
121916
1973836
1590404
1402798
382282
1336736
1542120
1178000
1652366
1312786
1002604
1439504
1859388
131242
922204
234348
2016386
709346
355878
1170172
75548
385800
1565948
880480
390614
1942652
591102
1541558
622918
1772852
379388
1583808
1480894
842412
1640408
1905944
1871426
440534
1952848
2074800
582360
570778
1903278
1741286
714438
1275886
1572080
2080320
848252
1342096
499386
531276
632652
1921434
1554870
1131992
110224
772534
1121076
679560
1735802
1099772
1747396
1826142
96470
425340
2082646
764578
222836
1962090
377570
1203426
1138480
917328
1931466
170902
838174
1374002
138548
1256218
779164
1766472
1848314
605658
1515670
740598
1719234
320820
1252894
819524
1342186
913464
38584
1396774
78874
1602358
1482970
814328
335122
1187578
1443444
1107138
1278278
1672726
1837526
2022186
1021420
669054
1924
895932
1237330
724518
2072656
1569692
182756
1901774
645878
1340602
1591238
454630
719394
1919544
318898
1433712
2049728
1997532
492618
176256
1221724
1908456
845536
364094
1158332
259118
526922
1826268
389970
236216
2052952
1058630
741306
353790
1647840
1486700
1394282
1159132
734370
567256
1891212
1397866
1224724
2068878
1231708
159688
518746
1340016
2034222
1076836
842836
2072482
994006
1633852
1296276
609076
1415492
740510
130588
1650602
778060
251798
1934758
1386770
679204
1380294
1861234
176384
35572
990866
356860
215234
1949644
299334
374040
417058
483632
1289026
1946642
216894
1326584
545140
672952
1674480
1875732
2061912
441302
715140
120072
2047530
251884
1681206
861394
634116
1350380
1517144
1284568
725702
564790
1139258
1096070
428710
1902036
926830
428344
419824
1032574
1180214
1787790
1675996
1153760
541332
1969814
71238
1262644
121634
1922882
921932
773756
1611494
941606
1023180
1141488
1199476
1208616
1774470
1624402
992042
824802
1793374
57314
1028172
822160
56858
829046
2042508
1676330
1038756
1524032
601150
1581512
1428968
720380
1048266
1182204
962392
1072618
1956526
1307622
551742
630126
1300088
217406
1995430
